Cost of the solution: 82
4344
4303
2203
1133
1133

4344
4303
0223
1133
1133

4344
0303
4223
1133
1133

4304
0343
4223
1133
1133

4340
0343
4223
1133
1133

4343
0343
4220
1133
1133

4343
0343
4022
1133
1133

4043
0343
4322
1133
1133

4403
0343
4322
1133
1133

0403
4343
4322
1133
1133

4003
4343
4322
1133
1133

4303
4343
4022
1133
1133

4303
4343
4220
1133
1133

4300
4343
4223
1133
1133

4340
4303
4223
1133
1133

4343
4303
4220
1133
1133

4343
4303
4022
1133
1133

4043
4303
4322
1133
1133

0443
4303
4322
1133
1133

4443
0303
4322
1133
1133

4443
4303
0322
1133
1133

4403
4343
0322
1133
1133

4043
4343
0322
1133
1133

4343
4343
0022
1133
1133

4343
4343
0220
1133
1133

4343
4343
2200
1133
1133

4340
4343
2203
1133
1133

4340
4343
0223
1133
1133

4304
4343
0223
1133
1133

4304
4343
2203
1133
1133

4304
4343
2233
1133
1103

4340
4343
2233
1133
1103

4343
4343
2230
1133
1103

4343
4343
2233
1133
1100

4343
4343
2203
1133
1130

4343
4343
0223
1133
1130

4343
0343
4223
1133
1130

0343
4343
4223
1133
1130

0343
4343
4220
1133
1133

0343
4343
4022
1133
1133

0343
4343
0422
1133
1133

0343
0343
4422
1133
1133

3043
3043
4422
1133
1133

3403
3043
4422
1133
1133

3403
3403
4422
1133
1133

3043
3403
4422
1133
1133

3443
3003
4422
1133
1133

3443
3403
4022
1133
1133

3443
3403
4220
1133
1133

3440
3403
4223
1133
1133

3440
3043
4223
1133
1133

3443
3043
4220
1133
1133

3443
3043
4022
1133
1133

3443
3043
0422
1133
1133

0443
3043
3422
1133
1133

0443
3403
3422
1133
1133

3443
3403
0422
1133
1133

3403
3443
0422
1133
1133

0403
3443
3422
1133
1133

4003
3443
3422
1133
1133

4403
3043
3422
1133
1133

4403
3403
3422
1133
1133

4043
3403
3422
1133
1133

4043
3043
3422
1133
1133

4043
3443
3022
1133
1133

4043
3443
3220
1133
1133

4040
3443
3223
1133
1133

4400
3443
3223
1133
1133

4403
3443
3220
1133
1133

4403
3443
3022
1133
1133

4443
3403
3022
1133
1133

4443
3403
3220
1133
1133

4440
3403
3223
1133
1133

4404
3403
3223
1133
1133

4044
3403
3223
1133
1133

0444
3403
3223
1133
1133

3444
3403
0223
1133
1133

3444
3403
2203
1133
1133

3444
3430
2230
1133
1133

3444
3430
2233
1133
1130

3444
3433
2233
1130
1130

3444
3433
2233
1103
1103

3444
3433
2233
0113
0113